1894845179212
51170450790053
2500858170983
91177751050380
43228622315171
8469744612237
62541903218755
26685969577575
77865655476647
66849149203515
8931499889889
17811846882642
92415453893161
55630346204046
84090351435363
3427992714358
30744623451749
69021306752738
68709413831725
54569637015168
57047747066677
91889685441954
42355921972174
22802040450336
77068705842126
45430941024164
2047769675501
40734175750077
47084152302634
23464683985699
12838382934768
30679880022435
63609306810904
7168557153879
16222499444450
66766311681810
86293047850411
49315768464031
21493086910865
26068210308370
92374961916155
74632921412859
7398639022967
60281154174705
91712095167820
40709206720847
44908834795666
75031390098706
30089261190413
53112426838365
43630441250297
73688316916401
24467043153090
39379314999843
66153957728925
13998499045963
29127134692595
53785623028664
56985506925973
55207308574159
73849368997600
62437941064239
98577719266411
74452158911406
45003385546369
13296512201193
16265320739585
88237918130093
90758873855144
76356456334644
30287518608774
59159278236130
53522311984621
75538196813652
85028737097024
36902175059360
35248507004931
49659698893974
46083228513962
61152796051179
58164863890444
43219740736274
43381586126948
58245347539208
30266101529581
86054648578548
41608407714306
64515825316200
77588270893986
83435021864763
78379833118399
23747369458603
86242811213994
87281070381034
33633913222970
93842189710950
40829275155790
95861218021529
99940452512143
40505876377876
81211108443477
42532713378056
10665543946190
89725527639639
1430479890684
51847758901805
84270410637766
19751542915798
25932648305801
60306115277755
51035614122924
54969282114252
63598113177739
67257812764790
26908952549952
86883594920718
94494283540674
76302411724948
99197044006845
89759739783454
4865115499856
58705178791597
76870393831156
79565723289754
37833231310287
87753934358624
21127343952435
99387245169470
21445517798412
94175500550212
53945740854077
95930206340681
40455015464507
20428357333816
42311897196624
74234113413120
84386306254920
10107907696992
4907075457152
68577852929762
72568601367366
73034573471114
41966237600536
8271429222946
72285065183745
30052401343415
7688888553727
88286973274114
20283426887288
38713757935550
1670615030356
76733783577404
96451740481421
91333614793442
72789667514433
29537883307817
1142184551305
92673739400676
12439879657979
22146151302042
34711293827574
12114961925632
59170394188578
78772574873647
32440476883789
38518429112482
62758378690443
20867390867862
51919189239292
12396057889135
19018761020199
37005786820430
68203083007499
50322914310340
81414399277394
38716421671327
55429164538795
41620102381841
19679765397518
43537268847018
8030372184956
3597773517441
69204928156791
11781545146475
44139661186174
15098152088406
76607065794984
95316460780758
24466505539283
60738558581901
40935235281751
29484030354933
78230786543933
36908602095536
54164879201085
48085325855877
81595158735070
62155263823925
99887062095280
93796351579430
95643262356448
15926077729996
64950336602483
7215705071113
89038793022874
68304543864373
84890144394849
45462829723328
89223894192486
9941730809134
36362737193826
49565022418468
48528993257757
37573800954565
32844479351236
1049301553504
7843392976022
6737686058252
22719053390428
37885869009195
45206811241222
18031607018179
68692863253199
24982463094631
1267120113671
43345952238525
34733882038268
44772623617220
52541923450492
49930410629823
17569407074467
20318105283935
14467271861183
37573204219945
94568148998167
56816931876429
36491192308907
22455477327142
48253077046749
91451123422194
58617755173096
4870451837819
6082122317224
90894733934844
44543187857359
45476308819395
12524289299156
70012163913238
84645449416786
48030168799665
49390091893199
96906416852676
81689883720225
78296998506386
36194850439131
89304236596708
10534225865520
97126546355507
7840424056331
36438961423285
48692621857216
89193257335211
50220424895631
73346237268795
63182650934089
190283590968
54178947363497
46189377455049
19070629507096
9113408851018
65431727639595
99332403435565
5181439891496
98796172449506
70894351437221
64217992051754
43840441473232
38543344546424
18172171206610
45714674997964
28012189929247
47114148694038
6741834781031
50704471241399
91170961416005
19429916385001
72310716916899
55789834420958
309718110866
63966110887071
10941365203621
71138126681599
74240758735847
70426288152260
21938686137434
4364824572653
44894249235670
37185860339217
59243059417167
89285239185667
66447957158710
71286155973818
33024368557672
92636189445746
25395349771081
188525960511
52835964720150
15236097131456
35015693511593
72785415256166
74774960290454
99807134283972
36546814399788
15505804511388
47886279980080
97163520999838
91999121283816
99580153062302
74978582418492
96154365799066
81376249982260
60205387092330
46013586593990
83263232587399
27970791832091
23377148291752
63534960524961
70542191023645
18001888645735
39256504728990
80416907081008
9545350139103
7753052405822
53265447836098
56363306688446
58210485145191
26318842677800
91729493928538
70796293586038
63765572914978
981017531408
56608296247722
17353537835539
13046233371480
89870582811071
67029792698756
50633224334062
51646965187084
86628621874277
97919156110421
44934637536430
8064437913147
24990566641212
84527333315652
63667022134300
71038273514213
25119581068738
93353071549889
83351912939377
14781580597988
26843474026468
96041312354712
86039469303073
20415310487277
27140444943149
99124992416831
33912325843744
70898955233292
28549645432360
16713223704723
84599257181158
55586312186604
75689730914957
79082804529416
95349106095673
46422467785063
39446644900107
27091973772740
39244912333068
29889982230212
41119135489578
18729526856331
34582489559854
50944150230517
91604884584337
89304030013057
34414269706710
29324587892870
10793177783253
38395480758305
23509957244165
36516147168815
33007577245335
42264793807794
40554709625774
64474129500561
79333254119374
63643826771183
18002502951880
38374134532344
56690407171475
51872770553630
72339962914019
79400645368238
56777474562551
14545790492291
99637725032566
78629561034798
61648279438428
85076550132742
78256568725350
89587805891904
50482068035432
3335229099958
34704733760303
6300079306435
89378587048539
84846389738548
17606672706594
98123653862649
7403991332513
33368053964586
20732731106185
53075067772794
86544976617634
97276988537117
32791846967579
75490618427712
10776932266550
87947655450712
94295011207838
72227428696164
19163487979019
64099032240449
37187592136323
52725403268222
61820501958671
45481590012393
89264537636953
43384254374105
61818115356283
85636772027349
69022887561013
32553275929223
15682362154584
32036436029044
9725144504363
23876361478045
16026127678071
64347490839006
96469933711896
77549802938225
45533595097775
89080182022501
15048686294725
4244620774685
75305805793925
67029446424257
67956912713299
29475420779173
84746828999128
70202494999973
86654726622775
75882057499724
1810807232785
61886129782623
62300455304826
41214275914275
13952479495847
59109203921457
27682426032530
66848789301521
80977388791669
9433270800995
50475024375401
18732003863947
89580736315396
36389654583433
32236707732149
20382992747357
3406391468287
408210513676
84997871718523
44154668951532
19811977047422
27008051905977
93261906767278
71139345516874
27504612648084
21379493824382
24548170684009
53015244845873
96099323815248
65207660143773
50440330385763
447457248445
85258341568749
21185890157072
37095465012684
30559734183373
43166602715689
3160605244173
73431495579866
44313077654954
65433365479375
90295442118153
7185032664138
31069852215936
26649214102437
5002388692636
22816884781513
36557152185385
95228433682750
22908305555713
4336067542680
14482872934268
49805409383208
51971762753139
5043400531599
10487086711001
34125278313597
13505935829441
6688950247853
3905352668400
34448311047007
59517529308515
35310660914348
97991826706633
51455085838876
29441835620835
73324346057713
4007376355900
88943133051901
4447240303648
38811800818357
72189833766525
50436655760622
19340205190077
8153899817975
54317558952660
72905238584304
92307773771691
92894354318064
71078749883739
99452293078057
33665950056364
10020175021866
9823186264438
29284176590502
43062723516307
17872780463950
86840251080121
12146003348507
32859694736691
7569633875194
24704230654278
99048755290843
21608310141926
21444816069400
76595152601317
24287203429584
83709834688193
94258865691364
95086407378740
90619983313668
5089727212133
1359247030289
43595649928455
29790882218110
10200700387515
73649875846502
33287704855652
96055062173631
81083043052237
57723709121517
77444501742404
84609444010102
84536075181956
33474679343529
84918635404167
78016459759749
84308405110328
39766159177991
58512468091182
59187602704130
71088287446038
74273409872768
18000769961353
28446693342625
7798612437567
86188081381875
64167633900145
20303133446682
6871570622079
54669384891070
40054646437434
96118324209003
86763023348963
51186747846988
24015438015500
45608345467139
8703418116733
50906059525267
96882692353832
64072240549067
70719864655416
96200637058669
49104414043609
14499830008982
57275694813530
3210061874878
73066641297627
2621891652388
84973586410500
11449173177944
29482843001940
62776516354019
12507791937597
8366981898943
69091716841647
35708136762882
17206814804559
9728383267514
70581744898941
86387001490664
71332859732361
9952948338910
4469755057471
45703794863901
26887909652578
7963021878148
87951436702524
24986267687861
44039044204922
68331538762222
72015442466910
54375603021841
70566570596860
21560117118638
70430529743845
43605714392131
10188423461915
67498989624635
16358824219340
69981419693980
53414820174078
49486694390620
78352856705313
97943779528204
98966326634174
7090649775639
43325172628296
80737955398044
60421725474083
22536913618055
53824532614576
51198481936528
41157225198839
43060617371045
8820141841281
60147049531897
11695753045276
15710786341968
35830416564049
90560418780754
38714792361276
54405625229150
79087929598501
89718274863595
33500197014472
78052358099859
72355790022478
83739006485334
58796383791257
20772878676170
9029734396430
36602933814811
26106170660341
11605342465837
71677696662894
60849947086986
3288258849353
43439250459283
67721745864626
92247507008327
60625919933366
63601039650812
65477272615666
66629792445983
73612108608829
43000530254939
36770868195972
11109525242199
7223417261783
60026008056944
13737395264371
24888787441128
33927603286596
92308429717106
87723662094041
74284326748729
76967591737017
52911598254477
88535499970255
39783469317513
91635620853736
46831816329815
18686783597975
52140333491643
21451150359776
84232067235306
29347873650459
96499085391544
64291683849889
68029597748758
47322878804306
52075763661553
17370416890392
21222332528811
25789444776288
41181396898785
97959915616599
14584779053193
55529045783620
66117274318233
85071744439523
83251078739482
63034955348450
3648679931219
89177184279627
62625911098696
64271536806164
75499359350136
8554572124046
9909557711303
77005087288135
72727782660254
28635807460822
83388923627954
55767401686686
57096654693509
35417714768613
64448352738846
99205752789529
29525524058836
45904087868260
53761295388368
38329882239199
11025873759499
85007662830127
3595548999878
6192761042581
3655903296461
68523310552726
19735338485405
69976160834005
82021552170485
40597462056340
21080712538455
12991509248643
66785137303355
54556501955142
70863237370823
67202730487199
79352226515678
24911523047333
3977979034813
50747638754352
64988509683422
5973652178767
30424265979277
84645692122451
79192717065460
99480376883590
40628585498237
21652320895062
13603943864187
60880398180945
85267204550841
68722538079579
58553661740848
48328375467440
6633178858918
4309738456719
85555922606887
95063365600510
96464380480034
40479683149832
49722940444985
41588345931569
60505984436333
20275244003123
4413336233084
75881589461929
8879682861110
23703604925061
85482730091306
75553748099582
52140271486485
75204887132330
95461016155631
91030855355665
81070331746006
98118527868488
37331318893357
83377548129190
65506797373648
91532767933238
37229814187864
44978351108944
66277073778602
86559420804181
18005600333174
24987677878385
85503190237412
10207502423301
57100176946915
23769967311573
62695398387538
13017162376605
30413578427968
43980607692044
82066450748109
58290815869157
32164696513977
83869650470304
92059985086418
74495851939134
40394564630746
26448195141266
44609038548452
94647818977407
43546841433960
5566820693023
23070640588790
36053673171742
70294544452772
37347140135137
98216284548336
82751601947342
21055763969265
4406570051069
82975477728814
23149524973927
83828159551720
95185525643778
97667642835443
5028123607909
4711672238162
10360370138121
86576704472957
84503047116353
42238133179193
62930779365886
69444778353705
29327966323515
19242769368756
28380397360267
63424217050970
25821972949226
32489320129578
99680399996064
20723066215185
62010834987829
68170310660670
7369391629266
61267119996944
15718624777386
54883210769599
12100826981662
49241887910514
24434973351844
844977675747
66954055433264
68723760845700
58713331858240
42457083066210
65281618346076
88811344450146
81083724495239
20565837139208
25358707050561
6072814482111
82669815808704
97512014392304
13208358982211
36122428955764
23910692676633
8492557381424
26090153550338
55108114897230
86923840779079
98733416225151
61892026358195
13797357685616
99701074020649
9370931576161
75717248766625
32411344597614
48277672946283
45388069586413
88072876771757
24648412278369
14151126835835
13532566860271
62100048435722
57665149920182
47443857014321
84547416771196
12635857420533
14353877790609
48812399481274
6180846434204
58920022700938
66469230104583
20675137228871
65710547013810
58684896625427
61751558141434
4239374335195
30507854477382
63278978845682
96611644521618
13420690153103
21132209600880
3172051253525
21679894109107
85236369952921
37593221453851
20647032055944
83129860429850
34333480318584
43536945561840
60368591084565
2424502395439
18739736983061
54963801278449
85648345098004
17511799538188
65634729283831
63725403889745
65696870069252
18059539626610
97925607321501
86911691522903
50936230136567
52987876785205
23389561021276
41224785617708
11313923686417
43369536551420
4602938593526
24399634224242
32098826589758
59436004577176
2706510845277
7186330228811
99977831920037
8916237937284
60748316335360
51461363925278
46027635801690
73299719864282
40931264692586
69744242327102
53926143318475
67543535061688
36111096247749
6127691237536
53070570625037
86208210010930
8124695547107
88118798553737
49049323248451
66791639302244
62273317261066
25826986522424
29686642865727
7308791379490
55517298302361
3345336344917
36228002967172
11626741084382
79818884442306
52920654924549
31267155502072
86784069177897
29393766282343
22840280766438
95363983630675
36435645816339
32014633039608
3206068449513
43180298875211
53021889106231
85318618495421
35864157302549
76269269362383
92671436009636
38241184316977
